fp,county,state,never,rarely,sometimes,frequently,always
44005,Abbeville,SC,0.004,0.006,0.046,0.129,0.815
21233,Acadia,LA,0.088,0.084,0.167,0.21,0.451
50023,Accomack,VA,0.051,0.19,0.104,0.05,0.604
15003,Ada,ID,0.011,0.012,0.027,0.151,0.798
18177,Adair,IA,0.162,0.09,0.138,0.261,0.348
20203,Adair,KY,0.173,0.112,0.184,0.219,0.313
28157,Adair,MO,0.146,0.143,0.075,0.155,0.481
39171,Adair,OK,0.035,0.133,0.199,0.208,0.425
6113,Adams,CO,0.007,0.005,0.04,0.156,0.791
18179,Adams,IA,0.205,0.05,0.077,0.337,0.332
15005,Adams,ID,0.026,0.013,0.032,0.08,0.85
16081,Adams,IL,0.099,0.189,0.19,0.25,0.272
17197,Adams,IN,0.041,0.024,0.062,0.134,0.739
27167,Adams,MS,0.166,0.148,0.239,0.096,0.352
37195,Adams,ND,0.013,0.067,0.081,0.248,0.59
30107,Adams,NE,0.214,0.135,0.144,0.189,0.318
38101,Adams,OH,0.195,0.138,0.127,0.263,0.276
41067,Adams,PA,0.006,0.009,0.059,0.169,0.756
53001,Adams,WA,0.077,0.051,0.072,0.076,0.724
55001,Adams,WI,0.163,0.189,0.227,0.213,0.208
49053,Addison,VT,0.034,0.056,0.123,0.269,0.518
44007,Aiken,SC,0.022,0.014,0.05,0.159,0.754
26159,Aitkin,MN,0.025,0.068,0.137,0.183,0.587
10003,Alachua,FL,0.027,0.013,0.041,0.133,0.786
36119,Alamance,NC,0.025,0.018,0.044,0.115,0.798
5147,Alameda,CA,0.059,0.048,0.208,0.231,0.454
6115,Alamosa,CO,0.057,0.035,0.071,0.167,0.669
35057,Albany,NY,0.097,0.005,0.035,0.167,0.696
56001,Albany,WY,0.136,0.1,0.151,0.181,0.432
50025,Albemarle,VA,0.075,0.031,0.035,0.151,0.708
25021,Alcona,MI,0.02,0.015,0.035,0.125,0.805
27169,Alcorn,MS,0.029,0.151,0.057,0.328,0.435
2013,Aleutians East,AK,0.067,0.032,0.034,0.316,0.551
2016,Aleutians West,AK,0.078,0.031,0.03,0.337,0.524
16083,Alexander,IL,0.166,0.222,0.101,0.177,0.335
36121,Alexander,NC,0.001,0.024,0.008,0.107,0.861
51195,Alexandria City,VA,0.025,0.075,0.099,0.158,0.643
39173,Alfalfa,OK,0.029,0.061,0.086,0.252,0.572
25023,Alger,MI,0.014,0.017,0.045,0.112,0.812
18181,Allamakee,IA,0.056,0.177,0.194,0.189,0.384
25025,Allegan,MI,0.02,0.007,0.049,0.136,0.788
23025,Allegany,MD,0.035,0.095,0.142,0.17,0.558
35059,Allegany,NY,0.12,0.118,0.127,0.242,0.393
36123,Alleghany,NC,0,0.006,0.023,0.087,0.884
50027,Alleghany,VA,0.061,0.055,0.03,0.227,0.627
41069,Allegheny,PA,0.023,0.07,0.049,0.232,0.626
17199,Allen,IN,0.095,0.122,0.136,0.183,0.464
19191,Allen,KS,0.122,0.044,0.151,0.177,0.505
20205,Allen,KY,0.125,0.148,0.145,0.184,0.398
21235,Allen,LA,0.176,0.062,0.113,0.174,0.476
38103,Allen,OH,0.254,0.163,0.083,0.275,0.226
44009,Allendale,SC,0.012,0.022,0.034,0.126,0.807
25027,Alpena,MI,0.02,0.027,0.043,0.142,0.768
5149,Alpine,CA,0.116,0.1,0.112,0.198,0.474
6001,Amador,CA,0.019,0.008,0.055,0.123,0.795
51001,Amelia,VA,0.001,0.019,0.055,0.1,0.824
51003,Amherst,VA,0.023,0.022,0.054,0.093,0.81
27171,Amite,MS,0.083,0.109,0.162,0.259,0.387
2020,Anchorage,AK,0.042,0.05,0.049,0.196,0.663
19193,Anderson,KS,0.113,0.165,0.137,0.16,0.425
20207,Anderson,KY,0.092,0.175,0.171,0.247,0.314
45001,Anderson,SC,0.117,0.102,0.243,0.166,0.371
46129,Anderson,TN,0.14,0.144,0.132,0.265,0.318
47185,Anderson,TX,0.185,0.205,0.162,0.115,0.333
28159,Andrew,MO,0.029,0.038,0.057,0.199,0.676
47187,Andrews,TX,0.019,0.073,0.091,0.212,0.604
22121,Androscoggin,ME,0.044,0.04,0.07,0.197,0.649
47189,Angelina,TX,0.105,0.035,0.099,0.192,0.568
23027,Anne Arundel,MD,0.023,0.06,0.15,0.182,0.585
26161,Anoka,MN,0.019,0.022,0.046,0.18,0.733
37001,Anson,NC,0.04,0.073,0.126,0.175,0.586
30109,Antelope,NE,0.165,0.219,0.161,0.267,0.187
26001,Antrim,MI,0.065,0.046,0.133,0.18,0.576
2282,Apache,AZ,0.047,0.012,0.078,0.381,0.481
18183,Appanoose,IA,0.061,0.186,0.132,0.16,0.46
12129,Appling,GA,0.032,0.092,0.172,0.275,0.429
51005,Appomattox,VA,0.145,0.034,0.123,0.174,0.525
48001,Aransas,TX,0.172,0.104,0.095,0.088,0.541
8001,Arapahoe,CO,0.032,0.027,0.071,0.185,0.685
48003,Archer,TX,0.09,0.044,0.067,0.202,0.597
8003,Archuleta,CO,0.052,0.133,0.094,0.228,0.493
26003,Arenac,MI,0.025,0.034,0.118,0.229,0.595
4025,Arkansas,AR,0.031,0.073,0.081,0.176,0.639
51007,Arlington,VA,0.013,0.069,0.116,0.13,0.672
41071,Armstrong,PA,0.021,0.035,0.072,0.143,0.729
48005,Armstrong,TX,0.121,0.064,0.079,0.2,0.536
22123,Aroostook,ME,0.022,0.063,0.124,0.114,0.677
30111,Arthur,NE,0.129,0.177,0.167,0.262,0.265
21237,Ascension,LA,0.14,0.095,0.114,0.203,0.448
37003,Ashe,NC,0.027,0.023,0.103,0.272,0.575
38105,Ashland,OH,0.186,0.182,0.155,0.254,0.223
55003,Ashland,WI,0.078,0.038,0.118,0.363,0.403
4027,Ashley,AR,0.008,0.013,0.046,0.129,0.804
39001,Ashtabula,OH,0.074,0.116,0.149,0.222,0.439
53003,Asotin,WA,0.014,0.029,0.115,0.32,0.522
21239,Assumption,LA,0.042,0.017,0.049,0.193,0.698
48007,Atascosa,TX,0.006,0.005,0.17,0.074,0.746
19195,Atchison,KS,0.072,0.271,0.175,0.231,0.251
28161,Atchison,MO,0.029,0.108,0.121,0.217,0.523
39003,Athens,OH,0.085,0.104,0.114,0.382,0.314
12131,Atkinson,GA,0.092,0.06,0.092,0.244,0.512
33015,Atlantic,NJ,0.018,0.057,0.074,0.212,0.639
39175,Atoka,OK,0.1,0.201,0.138,0.135,0.426
27173,Attala,MS,0.122,0.096,0.254,0.202,0.326
28163,Audrain,MO,0.05,0.038,0.145,0.159,0.608
19001,Audubon,IA,0.073,0.128,0.128,0.307,0.364
39005,Auglaize,OH,0.068,0.035,0.268,0.19,0.438
51009,Augusta,VA,0.064,0.033,0.074,0.204,0.625
45087,Aurora,SD,0.14,0.02,0.074,0.305,0.462
48009,Austin,TX,0.081,0.053,0.099,0.091,0.676
1001,Autauga,AL,0.053,0.074,0.134,0.295,0.444
37005,Avery,NC,0.153,0.067,0.067,0.21,0.504
22001,Avoyelles,LA,0.122,0.111,0.138,0.265,0.362
8005,Baca,CO,0.013,0.026,0.065,0.193,0.703
12133,Bacon,GA,0.138,0.085,0.062,0.158,0.557
48011,Bailey,TX,0.08,0.066,0.116,0.25,0.488
10005,Baker,FL,0.005,0.001,0.035,0.103,0.856
13001,Baker,GA,0.085,0.117,0.23,0.152,0.416
40149,Baker,OR,0.024,0.256,0.243,0.164,0.313
1003,Baldwin,AL,0.083,0.059,0.098,0.323,0.436
13003,Baldwin,GA,0.059,0.1,0.179,0.217,0.445
20209,Ballard,KY,0.025,0.056,0.076,0.178,0.665
23029,Baltimore,MD,0.026,0.032,0.126,0.204,0.612
24041,Baltimore City,MD,0.012,0.012,0.006,0.127,0.843
45003,Bamberg,SC,0.1,0.086,0.116,0.193,0.505
48013,Bandera,TX,0.001,0.01,0.032,0.156,0.802
13005,Banks,GA,0.071,0.132,0.187,0.188,0.421
31001,Banner,NE,0.057,0.128,0.089,0.291,0.435
15007,Bannock,ID,0,0.021,0.046,0.108,0.825
26005,Baraga,MI,0.05,0.035,0.133,0.283,0.5
19197,Barber,KS,0.172,0.299,0.173,0.125,0.232
1005,Barbour,AL,0.067,0.121,0.12,0.201,0.491
54001,Barbour,WV,0.092,0.031,0.071,0.287,0.519
37197,Barnes,ND,0.073,0.027,0.08,0.199,0.621
24043,Barnstable,MA,0.031,0.047,0.085,0.194,0.642
45005,Barnwell,SC,0.172,0.211,0.012,0.22,0.384
21001,Barren,KY,0.076,0.115,0.167,0.243,0.399
55005,Barron,WI,0.138,0.163,0.07,0.259,0.37
13007,Barrow,GA,0.027,0.048,0.054,0.127,0.743
26007,Barry,MI,0.025,0.04,0.144,0.18,0.612
29001,Barry,MO,0.067,0.098,0.187,0.253,0.395
17201,Bartholomew,IN,0.031,0.03,0.089,0.193,0.657
20001,Barton,KS,0.153,0.212,0.126,0.167,0.341
29003,Barton,MO,0.133,0.197,0.164,0.234,0.272
13009,Bartow,GA,0.02,0.089,0.107,0.29,0.494
48015,Bastrop,TX,0.006,0.024,0.054,0.224,0.692
29005,Bates,MO,0.09,0.144,0.097,0.287,0.382
21003,Bath,KY,0.101,0.072,0.097,0.211,0.519
51011,Bath,VA,0.063,0.018,0.105,0.204,0.61
5001,Baxter,AR,0.019,0.073,0.134,0.216,0.557
11001,Bay,FL,0.012,0.013,0.069,0.164,0.743
26009,Bay,MI,0.027,0.042,0.088,0.218,0.625
55007,Bayfield,WI,0.067,0.039,0.107,0.392,0.395
48017,Baylor,TX,0.018,0.106,0.06,0.217,0.598
45089,Beadle,SD,0.034,0.057,0.12,0.158,0.631
15009,Bear Lake,ID,0.034,0.016,0.025,0.122,0.803
37007,Beaufort,NC,0.053,0.062,0.08,0.163,0.641
45007,Beaufort,SC,0.069,0.065,0.138,0.26,0.468
22003,Beauregard,LA,0.196,0.07,0.118,0.2,0.416
40001,Beaver,OK,0.105,0.068,0.258,0.213,0.356
42001,Beaver,PA,0.039,0.034,0.083,0.238,0.606
48503,Beaver,UT,0.062,0.063,0.086,0.144,0.645
29225,Beaverhead,MT,0.297,0.09,0.162,0.137,0.313
26163,Becker,MN,0.046,0.032,0.075,0.156,0.69
40003,Beckham,OK,0.203,0.096,0.188,0.25,0.262
42003,Bedford,PA,0.017,0.022,0.035,0.165,0.761
46135,Bedford,TN,0.109,0.205,0.167,0.26,0.259
51013,Bedford,VA,0.01,0.018,0.035,0.187,0.75
48019,Bee,TX,0.073,0.018,0.07,0.09,0.749
32031,Belknap,NH,0.024,0.025,0.06,0.215,0.676
21005,Bell,KY,0.062,0.01,0.044,0.483,0.401
48021,Bell,TX,0.007,0.02,0.084,0.161,0.729
39007,Belmont,OH,0.144,0.008,0.099,0.257,0.492
26165,Beltrami,MN,0.036,0.056,0.077,0.171,0.659
13011,Ben Hill,GA,0.136,0.103,0.125,0.238,0.399
16001,Benewah,ID,0.118,0.078,0.084,0.194,0.526
45091,Bennett,SD,0.057,0.074,0.062,0.204,0.602
49055,Bennington,VT,0.068,0.129,0.114,0.269,0.42
37199,Benson,ND,0.028,0.019,0.063,0.224,0.665
8007,Bent,CO,0.041,0.041,0.155,0.276,0.488
5003,Benton,AR,0.023,0.103,0.163,0.117,0.595
19003,Benton,IA,0.148,0.11,0.15,0.311,0.281
17203,Benton,IN,0.062,0.067,0.112,0.242,0.517
27001,Benton,MN,0.187,0.115,0.075,0.247,0.375
29007,Benton,MO,0.11,0.078,0.203,0.281,0.327
28001,Benton,MS,0.113,0.112,0.131,0.084,0.56
40151,Benton,OR,0.165,0.116,0.166,0.281,0.272
46137,Benton,TN,0.105,0.053,0.172,0.235,0.434
53005,Benton,WA,0.084,0.011,0.064,0.08,0.761
26011,Benzie,MI,0.052,0.136,0.076,0.252,0.484
33017,Bergen,NJ,0.08,0.074,0.098,0.19,0.558
45009,Berkeley,SC,0.167,0.031,0.053,0.235,0.515
54003,Berkeley,WV,0.065,0.049,0.196,0.166,0.524
42005,Berks,PA,0.027,0.074,0.159,0.173,0.568
24045,Berkshire,MA,0.006,0.011,0.063,0.116,0.804
34037,Bernalillo,NM,0.02,0.026,0.029,0.205,0.72
13013,Berrien,GA,0.063,0.086,0.092,0.19,0.568
26013,Berrien,MI,0.012,0.063,0.109,0.257,0.558
37009,Bertie,NC,0.149,0.026,0.083,0.287,0.455
2050,Bethel,AK,0.101,0.022,0.014,0.45,0.413
48023,Bexar,TX,0.066,0.075,0.134,0.104,0.62
1007,Bibb,AL,0.02,0.034,0.096,0.278,0.572
13015,Bibb,GA,0.215,0.05,0.123,0.143,0.47
22005,Bienville,LA,0.049,0.092,0.142,0.148,0.569
29227,Big Horn,MT,0.098,0.17,0.218,0.272,0.241
56003,Big Horn,WY,0.182,0.187,0.12,0.257,0.253
27003,Big Stone,MN,0.054,0.078,0.132,0.245,0.492
38001,Billings,ND,0.219,0.166,0.189,0.233,0.193
16003,Bingham,ID,0.094,0.216,0.218,0.218,0.254
19005,Black Hawk,IA,0.138,0.049,0.132,0.212,0.469
18001,Blackford,IN,0.136,0.047,0.16,0.348,0.309
37011,Bladen,NC,0.096,0.01,0.212,0.173,0.509
16005,Blaine,ID,0.084,0.193,0.176,0.195,0.352
29229,Blaine,MT,0.419,0.139,0.187,0.1,0.155
31003,Blaine,NE,0.198,0.096,0.191,0.161,0.354
40005,Blaine,OK,0.076,0.184,0.111,0.284,0.345
42007,Blair,PA,0.015,0.023,0.1,0.137,0.725
48025,Blanco,TX,0.001,0.003,0.052,0.19,0.753
51015,Bland,VA,0.029,0.037,0.061,0.173,0.701
13017,Bleckley,GA,0.129,0.078,0.109,0.202,0.483
47001,Bledsoe,TN,0.088,0.105,0.112,0.215,0.48
1009,Blount,AL,0.053,0.114,0.18,0.194,0.459
47003,Blount,TN,0.164,0.093,0.246,0.248,0.249
27005,Blue Earth,MN,0.052,0.28,0.175,0.24,0.252
16007,Boise,ID,0.151,0.12,0.102,0.243,0.385
28003,Bolivar,MS,0.069,0.131,0.15,0.222,0.428
29009,Bollinger,MO,0.106,0.06,0.256,0.235,0.343
46003,Bon Homme,SD,0.239,0.073,0.236,0.15,0.302
16085,Bond,IL,0.041,0.118,0.102,0.378,0.361
16009,Bonner,ID,0.038,0.059,0.15,0.152,0.601
16011,Bonneville,ID,0.095,0.197,0.175,0.229,0.304
5005,Boone,AR,0.15,0.104,0.108,0.104,0.534
19007,Boone,IA,0.044,0.11,0.239,0.193,0.413
16087,Boone,IL,0.136,0.13,0.324,0.172,0.239
18003,Boone,IN,0.07,0.14,0.099,0.228,0.464
21007,Boone,KY,0.107,0.033,0.198,0.257,0.404
29011,Boone,MO,0.15,0.131,0.134,0.111,0.474
31005,Boone,NE,0.144,0.135,0.117,0.248,0.356
54005,Boone,WV,0.097,0.138,0.093,0.197,0.475
48027,Borden,TX,0.01,0.035,0.078,0.205,0.672
48029,Bosque,TX,0.015,0.016,0.057,0.09,0.822
22007,Bossier,LA,0.079,0.034,0.213,0.206,0.468
51017,Botetourt,VA,0.099,0.045,0.121,0.165,0.57
38003,Bottineau,ND,0.111,0.079,0.137,0.248,0.425
8009,Boulder,CO,0.113,0.053,0.194,0.206,0.435
16013,Boundary,ID,0.155,0.107,0.102,0.13,0.506
20003,Bourbon,KS,0.189,0.063,0.137,0.267,0.344
21009,Bourbon,KY,0.053,0.093,0.09,0.176,0.588
48031,Bowie,TX,0.005,0.019,0.115,0.074,0.788
38005,Bowman,ND,0.289,0.194,0.118,0.195,0.204
31007,Box Butte,NE,0.249,0.128,0.134,0.216,0.272
48505,Box Elder,UT,0.047,0.001,0.035,0.138,0.779
21011,Boyd,KY,0.076,0.058,0.084,0.339,0.443
31009,Boyd,NE,0.176,0.103,0.123,0.305,0.293
21013,Boyle,KY,0.146,0.094,0.12,0.199,0.44
21015,Bracken,KY,0.08,0.087,0.081,0.232,0.52
12001,Bradford,FL,0.001,0.024,0.053,0.17,0.751
42009,Bradford,PA,0.014,0.111,0.1,0.205,0.57
5007,Bradley,AR,0.081,0.034,0.083,0.16,0.643
47005,Bradley,TN,0.169,0.109,0.206,0.21,0.306
26015,Branch,MI,0.043,0.121,0.121,0.211,0.504
13019,Brantley,GA,0.073,0.098,0.156,0.214,0.46
54007,Braxton,WV,0.102,0.131,0.167,0.202,0.398
48033,Brazoria,TX,0.039,0.115,0.125,0.107,0.614
48035,Brazos,TX,0.031,0.154,0.102,0.248,0.465
21017,Breathitt,KY,0.024,0.037,0.042,0.129,0.769
21019,Breckinridge,KY,0.084,0.125,0.202,0.235,0.354
19009,Bremer,IA,0.224,0.073,0.194,0.187,0.322
12003,Brevard,FL,0.087,0.076,0.18,0.215,0.442
48037,Brewster,TX,0.058,0.134,0.114,0.221,0.473
48039,Briscoe,TX,0.021,0.042,0.075,0.17,0.691
24047,Bristol,MA,0.003,0.004,0.042,0.11,0.842
42129,Bristol,RI,0.017,0.07,0.069,0.172,0.673
2060,Bristol Bay,AK,0.048,0.037,0.042,0.308,0.564
51199,Bristol City,VA,0.006,0.021,0.024,0.162,0.786
29510,Broadwater,MT,0.039,0.017,0.08,0.137,0.726
54009,Brooke,WV,0.067,0.11,0.195,0.192,0.436
46005,Brookings,SD,0.234,0.104,0.147,0.173,0.342
13021,Brooks,GA,0.043,0.094,0.176,0.201,0.487
48041,Brooks,TX,0.012,0.038,0.067,0.347,0.537
36001,Broome,NY,0.006,0.012,0.052,0.142,0.788
12005,Broward,FL,0.065,0.109,0.076,0.202,0.548
17001,Brown,IL,0.18,0.092,0.189,0.19,0.35
18005,Brown,IN,0.138,0.084,0.085,0.286,0.406
20005,Brown,KS,0.137,0.122,0.169,0.256,0.316
27007,Brown,MN,0.094,0.155,0.225,0.185,0.34
31011,Brown,NE,0.156,0.08,0.151,0.197,0.415
39009,Brown,OH,0.071,0.115,0.164,0.236,0.413
46007,Brown,SD,0.147,0.052,0.117,0.327,0.356
48043,Brown,TX,0.011,0.012,0.077,0.172,0.728
55009,Brown,WI,0.069,0.053,0.184,0.208,0.486
46009,Brule,SD,0.108,0.205,0.198,0.193,0.295
37013,Brunswick,NC,0.037,0.08,0.041,0.219,0.623
51019,Brunswick,VA,0.052,0.09,0.115,0.248,0.495
13023,Bryan,GA,0.089,0.031,0.117,0.256,0.508
40007,Bryan,OK,0.153,0.154,0.085,0.223,0.384
19011,Buchanan,IA,0.098,0.067,0.13,0.2,0.504
29013,Buchanan,MO,0.138,0.068,0.112,0.237,0.444
51021,Buchanan,VA,0.081,0.114,0.2,0.166,0.44
51023,Buckingham,VA,0.043,0.079,0.106,0.221,0.551
42011,Bucks,PA,0.036,0.012,0.06,0.174,0.719
19013,Buena Vista,IA,0.032,0.053,0.18,0.289,0.447
51510,Buena Vista City,VA,0.032,0.02,0.065,0.17,0.712
31013,Buffalo,NE,0.303,0.112,0.096,0.285,0.203
46011,Buffalo,SD,0.04,0.124,0.263,0.229,0.345
55011,Buffalo,WI,0.039,0.106,0.172,0.269,0.414
21021,Bullitt,KY,0.092,0.037,0.112,0.161,0.598
13025,Bulloch,GA,0.047,0.129,0.15,0.164,0.51
1011,Bullock,AL,0.031,0.04,0.144,0.286,0.5
37015,Buncombe,NC,0.1,0.04,0.064,0.214,0.582
17003,Bureau,IL,0.11,0.082,0.148,0.262,0.398
13027,Burke,GA,0.092,0.165,0.124,0.235,0.385
37017,Burke,NC,0.073,0.023,0.076,0.104,0.724
38007,Burke,ND,0.2,0.201,0.137,0.244,0.218
38009,Burleigh,ND,0.206,0.119,0.142,0.259,0.274
48045,Burleson,TX,0.105,0.077,0.113,0.187,0.518
33019,Burlington,NJ,0.06,0.103,0.012,0.252,0.574
48047,Burnet,TX,0.061,0.004,0.166,0.09,0.678
55013,Burnett,WI,0.097,0.163,0.082,0.236,0.422
31015,Burt,NE,0.081,0.159,0.267,0.184,0.309
1013,Butler,AL,0.102,0.053,0.257,0.137,0.451
19015,Butler,IA,0.09,0.08,0.1,0.197,0.533
20007,Butler,KS,0.069,0.147,0.118,0.329,0.336
21023,Butler,KY,0.056,0.249,0.065,0.238,0.392
29015,Butler,MO,0.188,0.122,0.168,0.277,0.245
31017,Butler,NE,0.141,0.082,0.167,0.275,0.335
39011,Butler,OH,0.131,0.089,0.153,0.342,0.285
42013,Butler,PA,0.041,0.132,0.083,0.249,0.495
6003,Butte,CA,0.025,0.085,0.088,0.19,0.612
16015,Butte,ID,0.057,0.038,0.038,0.549,0.318
46013,Butte,SD,0.256,0.098,0.142,0.166,0.338
13029,Butts,GA,0.033,0.039,0.095,0.238,0.595
37019,Cabarrus,NC,0.024,0.018,0.036,0.248,0.673
54011,Cabell,WV,0.092,0.09,0.154,0.186,0.476
48507,Cache,UT,0.036,0.075,0.115,0.138,0.635
22009,Caddo,LA,0.13,0.092,0.073,0.246,0.459
40009,Caddo,OK,0.088,0.265,0.187,0.121,0.339
6005,Calaveras,CA,0.045,0.013,0.099,0.188,0.655
22011,Calcasieu,LA,0.086,0.069,0.169,0.191,0.486
21025,Caldwell,KY,0.114,0.081,0.126,0.241,0.438
22013,Caldwell,LA,0.078,0.052,0.17,0.291,0.409
29017,Caldwell,MO,0.097,0.152,0.132,0.268,0.35
37021,Caldwell,NC,0.009,0.023,0.044,0.23,0.693
48049,Caldwell,TX,0.085,0.077,0.066,0.239,0.534
49057,Caledonia,VT,0.066,0.089,0.072,0.287,0.486
1015,Calhoun,AL,0.152,0.108,0.13,0.167,0.442
5009,Calhoun,AR,0.129,0.145,0.122,0.189,0.416
12007,Calhoun,FL,0.106,0.168,0.172,0.173,0.381
13031,Calhoun,GA,0.053,0.049,0.163,0.31,0.424
19017,Calhoun,IA,0.048,0.062,0.197,0.268,0.424
17005,Calhoun,IL,0.07,0.055,0.108,0.218,0.549
26017,Calhoun,MI,0.014,0.055,0.103,0.202,0.627
28005,Calhoun,MS,0.11,0.092,0.122,0.204,0.473
45011,Calhoun,SC,0.169,0.067,0.035,0.281,0.447
48051,Calhoun,TX,0.02,0.072,0.071,0.281,0.555
54013,Calhoun,WV,0.085,0.07,0.227,0.21,0.408
48053,Callahan,TX,0.031,0.039,0.055,0.194,0.682
29019,Callaway,MO,0.073,0.075,0.113,0.224,0.515
21027,Calloway,KY,0.023,0.146,0.177,0.138,0.517
55015,Calumet,WI,0.064,0.1,0.141,0.33,0.365
23031,Calvert,MD,0.076,0.036,0.061,0.173,0.655
16017,Camas,ID,0.088,0.116,0.119,0.241,0.436
42015,Cambria,PA,0.042,0.017,0.051,0.194,0.697
13033,Camden,GA,0.105,0.109,0.087,0.208,0.492
29021,Camden,MO,0.121,0.183,0.175,0.219,0.302
37023,Camden,NC,0.091,0.056,0.124,0.189,0.54
34001,Camden,NJ,0.019,0.041,0.03,0.176,0.734
22015,Cameron,LA,0.068,0.096,0.144,0.225,0.468
42017,Cameron,PA,0.014,0.018,0.032,0.131,0.805
48055,Cameron,TX,0.001,0.001,0.063,0.185,0.751
48057,Camp,TX,0.019,0.028,0.179,0.071,0.703
21029,Campbell,KY,0.037,0.091,0.156,0.181,0.535
46015,Campbell,SD,0.163,0.075,0.168,0.264,0.33
47007,Campbell,TN,0.082,0.122,0.131,0.251,0.415
51025,Campbell,VA,0.006,0.003,0.158,0.145,0.688
56005,Campbell,WY,0.216,0.164,0.131,0.201,0.289
40011,Canadian,OK,0.029,0.081,0.244,0.32,0.326
13035,Candler,GA,0.125,0.037,0.144,0.163,0.53
47009,Cannon,TN,0.069,0.089,0.097,0.183,0.562
16019,Canyon,ID,0.096,0.202,0.188,0.247,0.268
29023,Cape Girardeau,MO,0.189,0.175,0.16,0.135,0.342
34003,Cape May,NJ,0.02,0.014,0.053,0.151,0.762
30001,Carbon,MT,0.165,0.127,0.102,0.18,0.425
42019,Carbon,PA,0.035,0.062,0.062,0.194,0.647
49001,Carbon,UT,0.099,0.026,0.271,0.283,0.32
56007,Carbon,WY,0.044,0.137,0.087,0.278,0.454
16021,Caribou,ID,0.045,0.171,0.061,0.185,0.537
21031,Carlisle,KY,0.066,0.097,0.133,0.17,0.535
27009,Carlton,MN,0.084,0.139,0.209,0.147,0.42
24001,Caroline,MD,0.007,0.01,0.035,0.213,0.736
51027,Caroline,VA,0.037,0.099,0.219,0.181,0.463
5011,Carroll,AR,0.094,0.102,0.175,0.184,0.445
13037,Carroll,GA,0.013,0.035,0.043,0.172,0.737
19019,Carroll,IA,0.021,0.124,0.087,0.394,0.373
17007,Carroll,IL,0.025,0.006,0.065,0.244,0.66
18007,Carroll,IN,0.082,0.126,0.112,0.183,0.496
21033,Carroll,KY,0.059,0.067,0.26,0.177,0.438
24003,Carroll,MD,0.018,0.022,0.067,0.154,0.739
29025,Carroll,MO,0.109,0.133,0.211,0.18,0.367
28007,Carroll,MS,0.065,0.104,0.092,0.139,0.601
32033,Carroll,NH,0.059,0.016,0.208,0.421,0.296
39013,Carroll,OH,0.082,0.086,0.118,0.25,0.464
47011,Carroll,TN,0.121,0.098,0.126,0.282,0.373
51029,Carroll,VA,0.02,0.01,0.124,0.132,0.714
48059,Carson,TX,0.049,0.06,0.119,0.205,0.567
32029,Carson City,NV,0.015,0.038,0.039,0.126,0.782
21035,Carter,KY,0.066,0.084,0.248,0.17,0.432
29027,Carter,MO,0.123,0.12,0.217,0.196,0.344
30003,Carter,MT,0.136,0.196,0.147,0.25,0.271
40013,Carter,OK,0.094,0.087,0.125,0.237,0.457
47013,Carter,TN,0.059,0.075,0.204,0.109,0.554
37025,Carteret,NC,0.04,0.022,0.092,0.27,0.576
27011,Carver,MN,0.256,0.121,0.185,0.146,0.292
30005,Cascade,MT,0.287,0.08,0.188,0.252,0.192
21037,Casey,KY,0.073,0.085,0.134,0.278,0.43
19021,Cass,IA,0.183,0.062,0.26,0.207,0.288
17009,Cass,IL,0.18,0.099,0.136,0.2,0.385
18009,Cass,IN,0.093,0.152,0.106,0.203,0.447
26019,Cass,MI,0.01,0.049,0.062,0.164,0.715
27013,Cass,MN,0.065,0.078,0.146,0.276,0.435
29029,Cass,MO,0.266,0.093,0.147,0.124,0.371
38011,Cass,ND,0.188,0.141,0.146,0.262,0.263
31019,Cass,NE,0.065,0.113,0.104,0.327,0.391
48061,Cass,TX,0.035,0.061,0.034,0.056,0.813
16023,Cassia,ID,0.107,0.213,0.159,0.222,0.298
48063,Castro,TX,0.017,0.064,0.213,0.235,0.471
37027,Caswell,NC,0.028,0.031,0.072,0.199,0.67
22017,Catahoula,LA,0.058,0.079,0.158,0.209,0.497
37029,Catawba,NC,0.091,0.025,0.121,0.188,0.575
13039,Catoosa,GA,0.136,0.125,0.17,0.113,0.456
34039,Catron,NM,0.012,0.011,0.059,0.202,0.716
36003,Cattaraugus,NY,0.062,0.015,0.028,0.124,0.771
38013,Cavalier,ND,0.191,0.147,0.151,0.258,0.253
36005,Cayuga,NY,0.043,0.013,0.066,0.136,0.742
24005,Cecil,MD,0.013,0.024,0.043,0.142,0.777
19023,Cedar,IA,0.052,0.094,0.208,0.23,0.417
29031,Cedar,MO,0.08,0.109,0.137,0.285,0.389
31021,Cedar,NE,0.066,0.063,0.09,0.321,0.46
42021,Centre,PA,0.026,0.062,0.153,0.228,0.53
19025,Cerro Gordo,IA,0.212,0.117,0.213,0.153,0.304
8011,Chaffee,CO,0.033,0.036,0.172,0.191,0.567
1017,Chambers,AL,0.117,0.037,0.15,0.136,0.56
48065,Chambers,TX,0.099,0.064,0.124,0.252,0.462
17011,Champaign,IL,0.012,0.019,0.156,0.208,0.605
39015,Champaign,OH,0.177,0.177,0.101,0.128,0.417
29033,Chariton,MO,0.155,0.13,0.078,0.286,0.351
24009,Charles,MD,0.049,0.049,0.071,0.11,0.72
51031,Charles City,VA,0.07,0.04,0.083,0.222,0.585
46017,Charles Mix,SD,0.161,0.059,0.157,0.253,0.371
45013,Charleston,SC,0.038,0.027,0.055,0.147,0.733
26021,Charlevoix,MI,0.039,0.037,0.122,0.247,0.555
12009,Charlotte,FL,0.068,0.073,0.096,0.157,0.607
51033,Charlotte,VA,0.047,0.032,0.031,0.14,0.75
51520,Charlottesville City,VA,0.174,0.125,0.075,0.273,0.352
13043,Charlton,GA,0.037,0.045,0.177,0.264,0.477
20009,Chase,KS,0.107,0.131,0.12,0.211,0.43
31023,Chase,NE,0.027,0.105,0.263,0.238,0.365
13045,Chatham,GA,0.089,0.133,0.154,0.168,0.457
37031,Chatham,NC,0.01,0.067,0.167,0.197,0.56
13047,Chattahoochee,GA,0.143,0.152,0.114,0.217,0.375
13049,Chattooga,GA,0.065,0.094,0.15,0.196,0.495
20011,Chautauqua,KS,0.167,0.146,0.077,0.12,0.49
36007,Chautauqua,NY,0.044,0.028,0.051,0.066,0.812
34041,Chaves,NM,0.035,0.02,0.044,0.152,0.749
47015,Cheatham,TN,0.209,0.089,0.238,0.182,0.282
26023,Cheboygan,MI,0.072,0.091,0.205,0.234,0.399
53007,Chelan,WA,0.062,0.048,0.029,0.297,0.564
36009,Chemung,NY,0.015,0.013,0.024,0.156,0.793
36011,Chenango,NY,0,0.033,0.072,0.162,0.732
1019,Cherokee,AL,0.135,0.027,0.161,0.158,0.52
13051,Cherokee,GA,0.035,0.04,0.144,0.158,0.624
19027,Cherokee,IA,0.153,0.11,0.241,0.139,0.358
20013,Cherokee,KS,0.089,0.149,0.183,0.197,0.382
37033,Cherokee,NC,0.06,0.035,0.199,0.179,0.527
40015,Cherokee,OK,0.013,0.111,0.194,0.239,0.444
45015,Cherokee,SC,0.05,0.074,0.107,0.171,0.597
48067,Cherokee,TX,0.034,0.145,0.17,0.209,0.441
31025,Cherry,NE,0.042,0.049,0.119,0.24,0.55
51530,Chesapeake City,VA,0.018,0.15,0.068,0.125,0.639
32510,Cheshire,NH,0.023,0.064,0.054,0.274,0.585
42023,Chester,PA,0.147,0.014,0.048,0.142,0.649
45017,Chester,SC,0.06,0.047,0.129,0.173,0.592
47017,Chester,TN,0.179,0.088,0.163,0.234,0.337
45019,Chesterfield,SC,0.036,0.059,0.062,0.186,0.657
51035,Chesterfield,VA,0.064,0.073,0.084,0.285,0.496
8013,Cheyenne,CO,0.008,0.015,0.032,0.195,0.75
20015,Cheyenne,KS,0.053,0.133,0.122,0.222,0.47
31027,Cheyenne,NE,0.207,0.163,0.161,0.177,0.293
19029,Chickasaw,IA,0.341,0.07,0.124,0.238,0.227
28009,Chickasaw,MS,0.018,0.014,0.246,0.233,0.489
5013,Chicot,AR,0.145,0.132,0.108,0.211,0.404
48069,Childress,TX,0.057,0.051,0.043,0.296,0.553
1021,Chilton,AL,0.06,0.07,0.058,0.194,0.618
26025,Chippewa,MI,0.063,0.121,0.078,0.178,0.559
27015,Chippewa,MN,0.101,0.061,0.251,0.265,0.322
55017,Chippewa,WI,0.059,0.098,0.184,0.246,0.414
27017,Chisago,MN,0.058,0.054,0.09,0.329,0.469
50001,Chittenden,VT,0.029,0.045,0.086,0.139,0.702
1023,Choctaw,AL,0.049,0.038,0.126,0.219,0.568
28011,Choctaw,MS,0.123,0.046,0.127,0.249,0.456
40017,Choctaw,OK,0.043,0.073,0.103,0.309,0.472
30007,Chouteau,MT,0.165,0.098,0.099,0.199,0.439
37035,Chowan,NC,0.035,0.07,0.13,0.214,0.551
17013,Christian,IL,0.082,0.06,0.219,0.366,0.273
21039,Christian,KY,0.104,0.045,0.188,0.236,0.428
29035,Christian,MO,0.159,0.285,0.151,0.125,0.281
31181,Churchill,NV,0.091,0.167,0.068,0.286,0.389
35001,Cibola,NM,0.036,0.014,0.057,0.135,0.758
40019,Cimarron,OK,0.128,0.169,0.138,0.213,0.351
12011,Citrus,FL,0.026,0.023,0.043,0.117,0.791
40153,Clackamas,OR,0.146,0.232,0.145,0.247,0.229
22019,Claiborne,LA,0.102,0.139,0.077,0.212,0.471
28013,Claiborne,MS,0.074,0.161,0.092,0.179,0.494
47019,Claiborne,TN,0.115,0.031,0.151,0.215,0.487
53009,Clallam,WA,0.001,0,0.028,0.225,0.746
26027,Clare,MI,0.046,0.076,0.123,0.274,0.48
45021,Clarendon,SC,0.088,0.083,0.121,0.179,0.528
42025,Clarion,PA,0.013,0.062,0.015,0.145,0.764
5015,Clark,AR,0.111,0.068,0.115,0.129,0.577
16025,Clark,ID,0.186,0.03,0.047,0.098,0.639
17015,Clark,IL,0.03,0.064,0.12,0.19,0.596
18011,Clark,IN,0.052,0.085,0.142,0.308,0.413
20017,Clark,KS,0.151,0.082,0.212,0.225,0.331
21041,Clark,KY,0.155,0.171,0.12,0.208,0.346
29037,Clark,MO,0.027,0.082,0.17,0.185,0.535
31183,Clark,NV,0.162,0.084,0.155,0.201,0.399
39017,Clark,OH,0.047,0.072,0.106,0.244,0.531
46019,Clark,SD,0.12,0.085,0.153,0.204,0.438
53011,Clark,WA,0.02,0.021,0.048,0.17,0.741
55019,Clark,WI,0.162,0.149,0.158,0.146,0.384
1025,Clarke,AL,0.049,0.088,0.164,0.268,0.43
13053,Clarke,GA,0.061,0.072,0.108,0.214,0.545
19031,Clarke,IA,0.026,0.096,0.142,0.355,0.381
28015,Clarke,MS,0.08,0.144,0.119,0.12,0.537
51036,Clarke,VA,0.017,0.02,0.103,0.177,0.683
41001,Clatsop,OR,0.051,0.189,0.179,0.189,0.392
1027,Clay,AL,0.148,0.158,0.195,0.169,0.329
5017,Clay,AR,0.104,0.074,0.193,0.097,0.531
12013,Clay,FL,0.034,0.055,0.138,0.267,0.507
13055,Clay,GA,0.116,0.102,0.187,0.143,0.451
19033,Clay,IA,0.061,0.365,0.146,0.213,0.215
17017,Clay,IL,0.103,0.08,0.19,0.187,0.441
18013,Clay,IN,0.055,0.061,0.041,0.184,0.66
20019,Clay,KS,0.128,0.137,0.185,0.214,0.337
21043,Clay,KY,0.069,0.102,0.122,0.324,0.383
27019,Clay,MN,0.024,0.128,0.183,0.296,0.368
29039,Clay,MO,0.275,0.056,0.173,0.155,0.341
28017,Clay,MS,0.07,0.134,0.088,0.182,0.525
37037,Clay,NC,0.007,0.025,0.063,0.139,0.766
31029,Clay,NE,0.055,0.192,0.156,0.232,0.364
46021,Clay,SD,0.155,0.167,0.122,0.277,0.278
47021,Clay,TN,0.018,0.067,0.155,0.28,0.48
48071,Clay,TX,0.027,0.094,0.078,0.201,0.6
54015,Clay,WV,0.098,0.097,0.162,0.152,0.491
13057,Clayton,GA,0.049,0.054,0.1,0.213,0.584
19035,Clayton,IA,0.183,0.105,0.221,0.182,0.309
8014,Clear Creek,CO,0.018,0.005,0.042,0.201,0.734
42027,Clearfield,PA,0.017,0.013,0.076,0.101,0.792
16027,Clearwater,ID,0.113,0.095,0.17,0.24,0.381
27021,Clearwater,MN,0.105,0.127,0.107,0.235,0.426
1029,Cleburne,AL,0.151,0.125,0.138,0.217,0.368
5019,Cleburne,AR,0.08,0.091,0.08,0.231,0.518
39019,Clermont,OH,0.147,0.261,0.052,0.15,0.39
5021,Cleveland,AR,0.082,0.124,0.157,0.242,0.395
37039,Cleveland,NC,0.085,0.109,0.101,0.147,0.557
40021,Cleveland,OK,0.099,0.121,0.212,0.24,0.327
13059,Clinch,GA,0.054,0.057,0.06,0.226,0.603
19037,Clinton,IA,0.075,0.136,0.197,0.236,0.356
17019,Clinton,IL,0,0.067,0.08,0.192,0.661
18015,Clinton,IN,0.059,0.104,0.17,0.22,0.447
21045,Clinton,KY,0.164,0.076,0.161,0.154,0.444
26029,Clinton,MI,0.027,0.057,0.085,0.205,0.626
29041,Clinton,MO,0.117,0.141,0.084,0.278,0.38
36013,Clinton,NY,0.029,0.024,0.038,0.206,0.703
39021,Clinton,OH,0.084,0.051,0.274,0.269,0.321
42029,Clinton,PA,0.006,0.022,0.038,0.113,0.82
20021,Cloud,KS,0.131,0.121,0.164,0.174,0.41
28019,Coahoma,MS,0.035,0.094,0.064,0.219,0.588
40023,Coal,OK,0.064,0.113,0.119,0.251,0.454
13061,Cobb,GA,0.028,0.066,0.12,0.223,0.562
2290,Cochise,AZ,0.044,0.047,0.126,0.425,0.358
48073,Cochran,TX,0.123,0.063,0.148,0.192,0.475
47023,Cocke,TN,0.108,0.068,0.122,0.362,0.34
4001,Coconino,AZ,0.055,0.063,0.031,0.15,0.701
46023,Codington,SD,0.117,0.149,0.254,0.192,0.288
1031,Coffee,AL,0.101,0.152,0.094,0.186,0.466
13063,Coffee,GA,0.038,0.054,0.125,0.159,0.624
47025,Coffee,TN,0.163,0.114,0.091,0.236,0.397
20023,Coffey,KS,0.065,0.27,0.174,0.235,0.256
48075,Coke,TX,0.147,0.124,0.189,0.206,0.334
1033,Colbert,AL,0.082,0.096,0.152,0.159,0.51
29043,Cole,MO,0.13,0.113,0.053,0.253,0.451
48077,Coleman,TX,0.066,0.049,0.105,0.087,0.693
17021,Coles,IL,0.059,0.057,0.091,0.19,0.603
31031,Colfax,NE,0.158,0.042,0.095,0.377,0.328
35003,Colfax,NM,0.054,0.039,0.036,0.109,0.762
45023,Colleton,SC,0.151,0.065,0.055,0.23,0.5
12015,Collier,FL,0.051,0.049,0.101,0.158,0.64
48079,Collin,TX,0.029,0.078,0.068,0.229,0.595
48081,Collingsworth,TX,0.039,0.056,0.093,0.241,0.572
51550,Colonial Heights Cit,VA,0.018,0.025,0.095,0.182,0.68
48083,Colorado,TX,0.053,0.048,0.084,0.259,0.556
13065,Colquitt,GA,0.06,0.058,0.134,0.168,0.58
5023,Columbia,AR,0.036,0.065,0.093,0.259,0.546
12017,Columbia,FL,0.09,0.036,0.087,0.178,0.609
13067,Columbia,GA,0.039,0.049,0.116,0.225,0.572
36015,Columbia,NY,0.012,0.046,0.092,0.256,0.594
41003,Columbia,OR,0.007,0.007,0.059,0.156,0.77
42031,Columbia,PA,0.057,0.03,0.152,0.155,0.605
53013,Columbia,WA,0.08,0.031,0.079,0.223,0.586
55021,Columbia,WI,0.035,0.073,0.082,0.222,0.589
39023,Columbiana,OH,0.066,0.027,0.19,0.247,0.471
37041,Columbus,NC,0.044,0.011,0.152,0.296,0.497
6007,Colusa,CA,0.015,0.043,0.111,0.204,0.626
48085,Comal,TX,0.021,0.026,0.054,0.181,0.719
20025,Comanche,KS,0.163,0.13,0.126,0.232,0.348
40025,Comanche,OK,0.14,0.089,0.153,0.26,0.358
48087,Comanche,TX,0.239,0.142,0.176,0.16,0.284
48089,Concho,TX,0.004,0.044,0.078,0.228,0.645
22021,Concordia,LA,0.102,0.061,0.098,0.241,0.498
1035,Conecuh,AL,0.099,0.052,0.259,0.192,0.399
8015,Conejos,CO,0.038,0.045,0.134,0.138,0.645
6009,Contra Costa,CA,0.045,0.019,0.098,0.276,0.562
56009,Converse,WY,0.138,0.113,0.121,0.293,0.335
5025,Conway,AR,0.107,0.03,0.16,0.231,0.472
13069,Cook,GA,0.085,0.124,0.164,0.222,0.404
17023,Cook,IL,0.127,0.089,0.107,0.226,0.451
27023,Cook,MN,0.108,0.106,0.244,0.224,0.318
48091,Cooke,TX,0.007,0.044,0.063,0.146,0.74
29045,Cooper,MO,0.154,0.138,0.165,0.223,0.32
33001,Coos,NH,0.114,0.02,0.11,0.158,0.598
41005,Coos,OR,0.016,0.024,0.071,0.168,0.721
1037,Coosa,AL,0.055,0.131,0.167,0.263,0.384
28021,Copiah,MS,0.038,0.061,0.088,0.214,0.598
46025,Corson,SD,0.211,0.147,0.172,0.125,0.345
36017,Cortland,NY,0.048,0.045,0.015,0.156,0.735
48093,Coryell,TX,0.045,0.075,0.059,0.2,0.621
39025,Coshocton,OH,0.082,0.069,0.074,0.192,0.584
8017,Costilla,CO,0.016,0.187,0.106,0.398,0.292
48095,Cottle,TX,0.012,0.029,0.072,0.279,0.607
40027,Cotton,OK,0.046,0.101,0.079,0.25,0.524
27025,Cottonwood,MN,0.064,0.104,0.165,0.253,0.414
1039,Covington,AL,0.187,0.128,0.129,0.201,0.356
28023,Covington,MS,0.044,0.021,0.133,0.205,0.597
51570,Covington City,VA,0.044,0.045,0.126,0.177,0.608
13071,Coweta,GA,0.108,0.191,0.074,0.233,0.394
20027,Cowley,KS,0.081,0.069,0.115,0.229,0.507
53015,Cowlitz,WA,0.041,0.02,0.098,0.216,0.625
40029,Craig,OK,0.075,0.12,0.105,0.307,0.394
51037,Craig,VA,0.084,0.025,0.148,0.133,0.61
5027,Craighead,AR,0.241,0.072,0.054,0.25,0.383
48097,Crane,TX,0.118,0.026,0.056,0.207,0.594
37043,Craven,NC,0.099,0.091,0.095,0.169,0.546
5029,Crawford,AR,0.071,0.12,0.137,0.347,0.325
13073,Crawford,GA,0.061,0.064,0.095,0.234,0.547
19039,Crawford,IA,0.078,0.167,0.143,0.194,0.418
17025,Crawford,IL,0.062,0.115,0.145,0.306,0.372
18017,Crawford,IN,0.037,0.192,0.283,0.206,0.283
20029,Crawford,KS,0.154,0.077,0.118,0.217,0.434
26031,Crawford,MI,0.027,0.052,0.086,0.252,0.584
29047,Crawford,MO,0.033,0.037,0.076,0.199,0.655
39027,Crawford,OH,0.171,0.198,0.071,0.105,0.455
42033,Crawford,PA,0.051,0.055,0.176,0.206,0.512
55023,Crawford,WI,0.202,0.033,0.11,0.158,0.497
40031,Creek,OK,0.054,0.179,0.127,0.226,0.413
1041,Crenshaw,AL,0.06,0.091,0.199,0.233,0.416
13075,Crisp,GA,0.098,0.134,0.123,0.203,0.441
5031,Crittenden,AR,0.078,0.123,0.138,0.341,0.32
21047,Crittenden,KY,0.06,0.118,0.178,0.279,0.365
47027,Crockett,TN,0.099,0.105,0.264,0.126,0.406
48099,Crockett,TX,0.015,0.027,0.142,0.194,0.622
41007,Crook,OR,0.052,0.027,0.051,0.073,0.797
56011,Crook,WY,0.145,0.115,0.143,0.192,0.404
48101,Crosby,TX,0.107,0.106,0.188,0.176,0.423
5033,Cross,AR,0.155,0.1,0.167,0.211,0.367
27027,Crow Wing,MN,0.092,0.121,0.138,0.23,0.419
8019,Crowley,CO,0.002,0.015,0.138,0.123,0.723
48103,Culberson,TX,0.08,0.056,0.096,0.199,0.57
1043,Cullman,AL,0.13,0.024,0.249,0.217,0.379
51041,Culpeper,VA,0.026,0.03,0.08,0.216,0.649
17027,Cumberland,IL,0.102,0.063,0.083,0.166,0.587
21049,Cumberland,KY,0.083,0.093,0.11,0.233,0.48
22125,Cumberland,ME,0.072,0.13,0.037,0.265,0.496
37045,Cumberland,NC,0.062,0.121,0.094,0.151,0.573
34005,Cumberland,NJ,0.023,0.02,0.043,0.134,0.779
42035,Cumberland,PA,0.014,0.024,0.077,0.19,0.696
47029,Cumberland,TN,0.197,0.118,0.082,0.171,0.431
51043,Cumberland,VA,0.013,0.036,0.057,0.154,0.74
31033,Cuming,NE,0.116,0.159,0.164,0.338,0.223
37047,Currituck,NC,0.179,0.043,0.113,0.155,0.511
35005,Curry,NM,0.074,0.04,0.108,0.144,0.634
41009,Curry,OR,0.048,0.015,0.158,0.174,0.604
8021,Custer,CO,0.06,0.106,0.093,0.195,0.545
16029,Custer,ID,0.1,0.181,0.191,0.202,0.326
30009,Custer,MT,0.14,0.169,0.163,0.26,0.267
31035,Custer,NE,0.064,0.132,0.124,0.28,0.4
40033,Custer,OK,0.06,0.117,0.102,0.173,0.548
46027,Custer,SD,0.091,0.178,0.116,0.243,0.373
39029,Cuyahoga,OH,0.098,0.08,0.115,0.156,0.551
13077,Dade,GA,0.105,0.053,0.183,0.204,0.455
29049,Dade,MO,0.066,0.103,0.106,0.209,0.517
49003,Daggett,UT,0.084,0.116,0.111,0.27,0.419
27029,Dakota,MN,0.065,0.21,0.203,0.172,0.351
31037,Dakota,NE,0.054,0.089,0.228,0.287,0.341
1045,Dale,AL,0.089,0.113,0.118,0.22,0.46
48105,Dallam,TX,0.026,0.071,0.072,0.225,0.606
1047,Dallas,AL,0.095,0.1,0.159,0.122,0.524
5035,Dallas,AR,0.059,0.017,0.11,0.306,0.508
19041,Dallas,IA,0.224,0.035,0.112,0.189,0.441
29051,Dallas,MO,0.087,0.185,0.107,0.187,0.434
48107,Dallas,TX,0.031,0.071,0.058,0.227,0.613
55025,Dane,WI,0.017,0.02,0.092,0.23,0.641
30011,Daniels,MT,0.123,0.121,0.127,0.212,0.417
51580,Danville City,VA,0.184,0.017,0.133,0.188,0.478
37049,Dare,NC,0.034,0.068,0.212,0.215,0.47
39031,Darke,OH,0.077,0.194,0.294,0.178,0.258
45025,Darlington,SC,0.117,0.079,0.148,0.129,0.526
42037,Dauphin,PA,0.02,0.046,0.05,0.163,0.721
37051,Davidson,NC,0.028,0.047,0.1,0.175,0.649
47031,Davidson,TN,0.165,0.09,0.174,0.208,0.363
37053,Davie,NC,0.157,0.021,0.131,0.167,0.524
18019,Daviess,IN,0.068,0.06,0.141,0.228,0.501
21051,Daviess,KY,0.153,0.082,0.165,0.16,0.44
29053,Daviess,MO,0.06,0.09,0.127,0.183,0.54
19043,Davis,IA,0.123,0.084,0.137,0.284,0.371
49005,Davis,UT,0.09,0.108,0.08,0.31,0.411
46029,Davison,SD,0.185,0.144,0.25,0.117,0.305
31039,Dawes,NE,0.147,0.066,0.122,0.347,0.317
13079,Dawson,GA,0.057,0.051,0.231,0.192,0.468
30013,Dawson,MT,0.17,0.143,0.16,0.145,0.382
31041,Dawson,NE,0.143,0.104,0.112,0.328,0.314
48109,Dawson,TX,0.125,0.006,0.039,0.176,0.654
46031,Day,SD,0.144,0.19,0.134,0.285,0.247
35006,De Baca,NM,0.003,0.059,0.014,0.085,0.839
1049,De Kalb,AL,0.084,0.051,0.106,0.179,0.58
13083,De Kalb,GA,0.128,0.222,0.13,0.249,0.27
17029,De Kalb,IL,0.112,0.055,0.201,0.221,0.411
18025,De Kalb,IN,0.067,0.089,0.118,0.261,0.465
29055,De Kalb,MO,0.167,0.148,0.136,0.159,0.391
47035,De Kalb,TN,0.096,0.093,0.201,0.214,0.395
12019,De Soto,FL,0.055,0.067,0.15,0.209,0.52
22023,De Soto,LA,0.089,0.127,0.079,0.201,0.505
28025,De Soto,MS,0.029,0.082,0.098,0.214,0.577
17031,De Witt,IL,0.023,0.021,0.072,0.162,0.722
48111,Deaf Smith,TX,0.119,0.074,0.123,0.289,0.396
18021,Dearborn,IN,0.122,0.073,0.112,0.226,0.466
13081,Decatur,GA,0.119,0.023,0.06,0.163,0.635
19045,Decatur,IA,0.092,0.13,0.079,0.269,0.43
18023,Decatur,IN,0.088,0.033,0.132,0.285,0.462
20031,Decatur,KS,0.085,0.119,0.165,0.404,0.227
47033,Decatur,TN,0.14,0.078,0.123,0.226,0.432
30015,Deer Lodge,MT,0.196,0.135,0.171,0.152,0.346
39033,Defiance,OH,0.101,0.107,0.126,0.184,0.482
6011,Del Norte,CA,0.027,0.031,0.092,0.151,0.7
19047,Delaware,IA,0.089,0.045,0.141,0.064,0.66
18027,Delaware,IN,0.049,0.061,0.13,0.214,0.546
36019,Delaware,NY,0.017,0.024,0.102,0.084,0.773
39035,Delaware,OH,0.042,0.052,0.084,0.213,0.609
40035,Delaware,OK,0.247,0.113,0.236,0.112,0.292
42039,Delaware,PA,0.024,0.016,0.136,0.266,0.558
8023,Delta,CO,0.034,0.072,0.076,0.175,0.644
26033,Delta,MI,0.03,0.022,0.068,0.287,0.593
48113,Delta,TX,0.024,0.019,0.059,0.141,0.757
2068,Denali,AK,0.062,0.081,0.067,0.225,0.565
29057,Dent,MO,0.312,0.044,0.138,0.136,0.369
48115,Denton,TX,0.03,0.023,0.074,0.115,0.759
8025,Denver,CO,0.002,0.034,0.08,0.294,0.59
19049,Des Moines,IA,0.036,0.102,0.118,0.26,0.485
41011,Deschutes,OR,0.128,0.061,0.136,0.099,0.577
5037,Desha,AR,0.097,0.017,0.163,0.319,0.404
31043,Deuel,NE,0.113,0.167,0.131,0.163,0.425
46033,Deuel,SD,0.132,0.088,0.156,0.229,0.396
40037,Dewey,OK,0.154,0.074,0.145,0.212,0.415
46035,Dewey,SD,0.249,0.074,0.303,0.107,0.267
48117,DeWitt,TX,0.063,0.063,0.095,0.284,0.494
48119,Dickens,TX,0.04,0.074,0.094,0.285,0.507
51045,Dickenson,VA,0.017,0.022,0.148,0.182,0.632
38015,Dickey,ND,0.172,0.233,0.091,0.297,0.207
19051,Dickinson,IA,0.038,0.101,0.249,0.201,0.411
20033,Dickinson,KS,0.112,0.144,0.128,0.271,0.346
26035,Dickinson,MI,0.05,0.026,0.102,0.308,0.514
47037,Dickson,TN,0.02,0.037,0.086,0.181,0.677
2070,Dillingham,AK,0.072,0.025,0.027,0.391,0.484
45027,Dillon,SC,0.083,0.147,0.128,0.157,0.486
48121,Dimmit,TX,0.016,0.025,0.046,0.204,0.709
51047,Dinwiddie,VA,0.053,0.068,0.013,0.213,0.653
38017,Divide,ND,0.09,0.113,0.142,0.233,0.423
12021,Dixie,FL,0.04,0.023,0.067,0.212,0.658
31045,Dixon,NE,0.224,0.103,0.11,0.321,0.242
54017,Doddridge,WV,0.187,0.011,0.075,0.307,0.42
13085,Dodge,GA,0.049,0.09,0.128,0.162,0.571
27031,Dodge,MN,0.184,0.02,0.038,0.257,0.5
31047,Dodge,NE,0.096,0.114,0.115,0.348,0.328
55027,Dodge,WI,0.11,0.138,0.166,0.2,0.386
8027,Dolores,CO,0.017,0.098,0.153,0.234,0.498
35007,Dona Ana,NM,0.041,0.019,0.091,0.106,0.743
20035,Doniphan,KS,0.075,0.093,0.28,0.131,0.421
48123,Donley,TX,0.003,0.019,0.091,0.061,0.827
13087,Dooly,GA,0.093,0.04,0.171,0.18,0.516
55029,Door,WI,0.021,0.03,0.059,0.264,0.627
24011,Dorchester,MD,0.009,0.019,0.033,0.168,0.77
45029,Dorchester,SC,0.088,0.077,0.094,0.1,0.641
13089,Dougherty,GA,0.036,0.028,0.075,0.156,0.704
8029,Douglas,CO,0.087,0.094,0.074,0.295,0.45
13091,Douglas,GA,0.145,0.025,0.15,0.236,0.443
17033,Douglas,IL,0.146,0.196,0.047,0.219,0.392
20037,Douglas,KS,0.108,0.143,0.118,0.139,0.492
27033,Douglas,MN,0.216,0.045,0.262,0.215,0.263
29059,Douglas,MO,0.165,0.143,0.167,0.154,0.371
31049,Douglas,NE,0.093,0.147,0.138,0.267,0.355
31185,Douglas,NV,0.044,0.168,0.422,0.184,0.182
41013,Douglas,OR,0.019,0.075,0.027,0.246,0.633
46037,Douglas,SD,0.256,0.14,0.175,0.118,0.311
53017,Douglas,WA,0.067,0.047,0.042,0.271,0.573
55031,Douglas,WI,0.044,0.042,0.092,0.327,0.495
5039,Drew,AR,0.197,0.055,0.093,0.196,0.459
17035,Du Page,IL,0.095,0.075,0.194,0.212,0.424
18029,Dubois,IN,0.083,0.1,0.168,0.277,0.371
19053,Dubuque,IA,0.248,0.132,0.258,0.068,0.294
49007,Duchesne,UT,0.107,0.134,0.114,0.293,0.353
24510,Dukes,MA,0.024,0.032,0.063,0.148,0.733
31051,Dundy,NE,0.163,0.16,0.131,0.162,0.383
29061,Dunklin,MO,0.124,0.166,0.172,0.247,0.291
38019,Dunn,ND,0.146,0.272,0.165,0.222,0.195
55033,Dunn,WI,0.062,0.076,0.179,0.266,0.417
37055,Duplin,NC,0.028,0.005,0.102,0.194,0.671
37057,Durham,NC,0.058,0.085,0.169,0.134,0.554
36021,Dutchess,NY,0.014,0.004,0.029,0.104,0.848
12023,Duval,FL,0.047,0.026,0.288,0.254,0.385
48125,Duval,TX,0.032,0.071,0.111,0.254,0.532
47039,Dyer,TN,0.175,0.171,0.168,0.168,0.318
8031,Eagle,CO,0.02,0.018,0.062,0.194,0.707
13093,Early,GA,0.077,0.034,0.058,0.204,0.627
22025,East Baton Rouge,LA,0.11,0.056,0.086,0.147,0.6
22027,East Carroll,LA,0.146,0.068,0.04,0.273,0.473
22029,East Feliciana,LA,0.11,0.104,0.112,0.095,0.579
48127,Eastland,TX,0.021,0.059,0.097,0.133,0.69
26037,Eaton,MI,0.033,0.056,0.046,0.263,0.603
55035,Eau Claire,WI,0.042,0.076,0.203,0.255,0.424
13095,Echols,GA,0.033,0.037,0.045,0.159,0.726
48129,Ector,TX,0.139,0.065,0.147,0.21,0.439
38021,Eddy,ND,0.151,0.077,0.227,0.277,0.267
35009,Eddy,NM,0.011,0.129,0.111,0.209,0.54
17037,Edgar,IL,0.007,0.012,0.034,0.191,0.756
